30.0 30.0 0.0
1002.6406064870763206 0.5023218172657367 -1.764019269308754
1.2513634888040992 1.704779937610848 -0.4059884240131074 -3.214907817872535 -1.6266991920116136 -2.3950177685993483 1.081946731304918 -1.0121144750900417 0.15999603015218078 -0.06935618412174413 
1.4472685851939115 0.95233263741836 -1.6757142128598932
1.5103610090670212 1.9756023252962824 -0.18870649228557357 -2.9857833531416715 -1.5511620622515327 -2.191434388655528 1.3214705194010279 -0.7963776306866349 0.3993472308888011 0.14840903328482766 
1.8492216899878804 0.4908564930890795 -1.5268006723864267
1.2075140101841915 1.669729902541031 -0.505882731355025 -3.308306893915569 -1.94612005230411 -2.5249440171605246 1.0120747736778863 -1.1185032957458896 0.08442193900916253 -0.14969192781739843 
1.09587036410355 0.39755902936305015 -1.0700673706077157
1.188034742411975 1.6608019891420158 -0.5483257912160437 -3.3343170173936962 -2.0355816572939047 -2.5596442638424466 0.9863236621472635 -1.1518706850834453 0.05355624694522251 -0.1968306000792963 
1.0855752596987909 0.19841341800160914 -1.1964183376488544
1.3035449374608234 1.7753105828382811 -0.434503843470974 -3.2213053951867665 -1.948941964758529 -2.448934730937905 1.0924473167686475 -1.047882143894106 0.16341336969586118 -0.10177718970284245 
1.3177976179407151 0.6702007595335582 -1.016577444100812
1.022371697200282 1.4939381412765844 -0.7528900320931391 -3.5290383248551116 -2.3559409243718177 -2.772914520733101 0.7981453605439127 -1.3686706012216334 -0.14601810692481113 -0.43289557260161027 
0.5846880181170914 0.8066037386402062 -0.7168221064485965
1.1829119557102656 1.6644900216715621 -0.6176766606421854 -3.3727794647259457 -2.2721941526004246 -2.6450989862304857 0.9441969662302355 -1.2400035298028176 -0.01621290921073682 -0.4323416165856979 
1.4948531570868184 0.2929225534439025 -2.1714255751637337
1.8730629435897652 2.3541064198395367 0.06134788941937785 -2.6987750806802806 -1.6310310421798417 -1.9692722420313618 1.6259539600318924 -0.5583644168965367 0.6720846828767643 0.24971626091494664 
2.56844878228902 0.5635224110243539 3.199792197691051
-3.8783240299481747 -3.401367602086022 -5.703187464484482 -8.475913623034348 -7.478023398017191 -7.757828371434022 -4.1322820008031895 -6.339449825279692 -5.085621421003995 -5.418761211578514 
-3.2993481654499788 0.8756545352116879 3.3356991280871946
-3.8851170078038075 -3.412276258474011 -5.733276465957555 -8.52371242092376 -7.617636877568292 -7.817315438287409 -4.155365239055269 -6.37353448875115 -5.100185755220579 -5.240565499578644 
-3.3414028430037233 0.32262937684475407 3.2828015142300204
-3.814128903171472 -3.343821332022099 -5.673516539958572 -8.46662472251604 -7.5975025956470175 -7.765172680718362 -4.0853350888587485 -6.316001039044816 -5.027080848160885 -5.03994373804979 
-8.630718348847065 0.4231748229508824 8.138148245443896
-3.324916784349027 -2.8574636837883345 -5.178746725944216 -7.991152064359713 -7.155101953244201 -7.279784800014995 -3.597537439957947 -5.819836533318346 -4.524338550122717 -4.283531419092994 
-8.495470045014246 0.23891944429986753 8.571940627678488
-3.4018730873365355 -2.934052078124907 -5.256228245391651 -8.072770443285487 -7.259763208581548 -7.371367814477027 -3.678015526399495 -5.904970249476827 -4.597995311234773 -4.2262682587703795 
-8.270390092174349 0.8950023342347274 8.767102681501392
-3.8899216288458076 -3.4449965545481245 -5.739663807001254 -8.603137666857046 -7.867660794941048 -7.900924038057742 -4.163487222422355 -6.396596291727214 -5.073373858859811 -4.353225678506166 
-3.391192665353362 0.03291603971471103 -2.1644365993082553
1.6671070938226873 2.1173272162175083 -0.17843169440178835 -3.048275517815015 -2.3160576278393092 -2.337007645370323 1.3942700631151066 -0.8370226598861535 0.4896870183644423 1.220499107618465 
1.6219791665911545 0.6768149271087236 -1.271957024009558
1.3453798411311588 1.7901169311322396 -0.5326872596987342 -3.3924931359966117 -2.7185211934917266 -2.7012741366652664 1.0518654838472759 -1.1984163542028567 0.14721979217597628 1.1791698159595148 
0.7567087938143762 0.664032516810392 -0.2971582076972239
0.8994913515847558 1.3559011873722737 -1.001425798428336 -3.8413661136014228 -3.17801102624646 -3.166248372526738 0.603894689168267 -1.6726295626770882 -0.31455085199926314 1.0240237344502978 
0.6838100412721471 0.3627671992562112 -0.7381647329895225
0.9642957706186382 1.4165315422514189 -0.955649205236297 -3.78924914839086 -3.1470422379538685 -3.1216855756579207 0.6471220226437844 -1.626576694197282 -0.26541118776967 1.3174331254075493 
0.5387353697424135 0.9214033227325391 -1.0779014186552605
1.5368685468191086 1.990319688303655 -0.4301735656462648 -3.241633904669023 -2.634498086814233 -2.58654558268242 1.1963311084918038 -1.097456553466686 0.27261121364709406 -3.8760186111010393 
1.448200266216933 0.2099820638854377 -1.4002110103931436
1.4925589474773078 1.943198103011119 -0.4776860474553832 -3.2888827371446143 -2.694107553947982 -2.631530420340397 1.150394896828785 -1.1538803942208424 0.22351375150830102 -3.8575498260832903 
1.6310343108520575 0.8407239309025712 -2.241814699806604
2.1282141656277136 2.56863021975666 0.12482956581379102 -2.6845070116055783 -2.1362634040602018 -2.0479897415502686 1.776375786737852 -0.5590672615779061 0.8469481546351876 -3.12346450136168 
2.141125235284206 0.4305395808962006 -2.1031621042867403
2.107118858655289 2.5487022747478747 0.08675099091037378 -2.7189124887341323 -2.1993000647638934 -2.092664724735025 1.7429618774685787 -0.6016152946829191 0.8177816472215279 -3.120660291055117 
2.0746095318250086 0.5361798041922657 -1.4811633379396747
1.5314590372310894 1.9714408081368624 -0.509367465165526 -3.312155202548775 -2.817545781654705 -2.6926417212063027 1.155445095420943 -1.1997335524033794 0.2381552140891215 -3.6627394760362417 
0.9495873896561624 0.04253950749110691 -0.11522162179908595
0.6900722083451835 1.140933962976562 -1.34708362335167 -4.14948823605691 -3.658829784134197 -3.533269070094298 0.32094673858766337 -2.041347114330389 -0.6072655657886804 -4.487856506118942 
-0.1250343357807896 0.7095283243791438 0.27509306002882095
0.5593541252904877 1.009316555330589 -1.5095814952244095 -4.289776110877433 -3.7988863417761607 -3.6777423179332858 0.17245125018753993 -2.2019937977321278 -0.7661313048932283 -4.486731426285974 
-1.0175278847770657 0.11902702497732316 1.002053280480552
0.5848566146535475 1.0309280498362892 -1.4943581518616833 -4.268465083986181 -3.764580703300026 -3.6571508534221007 0.19386036367529755 -2.181669788016539 -0.7430468684375673 -4.44335347037508 
-0.25119576430234736 0.591018985674208 -0.06644813885113725
0.9233990268198945 1.370911885754226 -1.1838116549618338 -3.934735446953805 -3.4384033675427315 -3.3401697314350187 0.5178772852084539 -1.8733443045993368 -0.4310066969625497 -4.023859241417514 
-0.12569912179841228 0.55764327284424 -0.2728969470892142
1.3374387290141792 1.7909047390716701 -0.7968648397383099 -3.5259145497376467 -3.0178479593666867 -2.9394480036902833 0.9198078644585924 -1.4829645717098847 -0.04191852016421848 -3.518311295716725 
0.5236736830805001 0.07934192254424603 -0.7892487907736038
1.6058116426115931 2.0666951744129594 -0.5242621933572013 -3.2548840423954175 -2.7476273485689973 -2.6597370624339467 1.1952381104022924 -1.2109275066058445 0.22519029529793388 -3.2445645793555755 
0.8257985687374527 0.827678991275312 -0.5312710338768665
1.347247255780597 1.8075885931165432 -0.8337905879017993 -3.5320192394666603 -3.0344865297111894 -2.951962655733545 0.911326137567191 -1.5181674066758233 -0.0763803043134528 -3.4518462159629566 
1.0604346359787151 0.24087881482072016 -1.6392692434301437
1.9349896791054657 2.3931198143853836 -0.25007704045688617 -2.949782227675325 -2.461735792693295 -2.3753328859971288 1.4930752099511118 -0.9424264086980638 0.5075068866521758 -2.8770293910275297 
2.3783036693440414 0.5277514504849334 2.9402469760707604
-3.3697001582451875 -2.9234919743298193 -5.568179496871204 -8.27920224596453 -7.817747403945151 -7.708674006961522 -3.8190380282233263 -6.263848664196732 -4.795078090322046 -8.24986954781893 
-8.706013548550285 0.31963114869913123 2.7994580853745856
2.5355650683193005 2.9820432299311745 0.34356438163849284 -2.3745331553944022 -1.9284817391766265 -1.8077780111175927 2.091449989018967 -0.3575359605430455 1.1265567276547968 -2.393208676561168 
-2.9420837408239966 0.7623932265050618 3.0830910001459984
2.406719148408713 2.839255320130044 0.21508435127591438 -2.5311667671740006 -2.1236548971558094 -1.9671789773781552 1.9626937333156826 -0.4930266703576909 1.0193578860438084 -2.6277512383607875 
2.6042837569032207 0.3197171421718345 -2.0883368198205376
1.9033208839488018 2.3353984614523076 -0.29472748922154224 -3.047868419698532 -2.648479390609089 -2.4808371190359604 1.452242336438913 -1.0106545112091656 0.5166535525174565 -3.1545140526627486 
1.8078027267151546 0.05949626252279224 -1.8220769859065553
1.9098286492507164 2.3457377508766517 -0.2849037290255021 -3.0430261445476914 -2.6424523986704607 -2.476865739785731 1.4633471434838907 -1.0000878246258096 0.5304701863789666 -3.139463859951435 
2.046607189299385 0.8486566447522452 -2.094695747532299
1.9867310010012122 2.4080797498871336 -0.23074974391361203 -2.9972522076479993 -2.6314908548536917 -2.437250996729084 1.5196203509397563 -0.959459835469722 0.6062407901997539 -3.122747774943312 
2.307225800308598 0.587387427625758 -2.4682328484666405
2.160847234311177 2.575334466276777 -0.07007312369695129 -2.842386564057585 -2.5011808663791775 -2.2987493812866995 1.695335019089399 -0.8077039044310694 0.7902791733246319 -2.988820764852647 
1.7423295427726535 0.2016084133001639 -1.0157538016228027
1.4330856316994556 1.8481228071041362 -0.8062635169181451 -3.5716219456472276 -3.2345888987222198 -3.031781353979446 0.9621938486085773 -1.5385854497429503 0.0630912171808628 -3.7189598387919185 
0.3054862785335813 0.6212488244214239 0.44164533207025136
0.7040631157159997 1.1262516409924292 -1.5672290823150978 -4.313570573142933 -3.9590175309581115 -3.77193392534911 0.22320766260175953 -2.298600382815343 -0.7067928767110012 -4.402744422051613 
-0.4584755250961288 0.9868929654661278 0.21813251670006464
0.9769299581482077 1.3909833485277543 -1.350071818872357 -4.053613361980761 -3.6959539525391354 -3.52640689794911 0.4725215373820376 -2.0748127562261374 -0.47796162121967317 -4.079395177107885 
0.15677468139625664 0.7041196916574306 -0.8527570193127907
1.6937951953161943 2.1132373198732046 -0.6602027270161739 -3.345183417253129 -2.9890318636363826 -2.822834909061805 1.175940474019819 -1.3850210534009448 0.22305764401306552 -3.3457326089616206 
1.0440633670192505 0.9680675442459219 -0.4977702136065751
1.181113413498666 -4.701305521811923 -1.2299366427274396 -3.88073578024758 -3.542014165036678 -3.382149927868973 0.6426346076623897 -1.9592798619692962 -0.32297498099032784 -3.8726740410309928 
0.021372866440227407 0.6084954075281266 0.393544477070978
0.7714649864707244 -5.093192983204694 -1.660150011763871 -4.295668977851311 -3.948913893277729 -3.794560446076321 0.2274219190574553 -2.3848565481755597 -0.7501691346730117 -4.258641201868664 
-0.5262261160369038 0.951930399364485 0.6044919938617004
0.7267407687321168 -5.146070621728651 -1.763414352889963 -4.359146152552708 -4.005413441035163 -3.8670749761855134 0.1587159242013258 -2.4794630883418605 -0.8526280814267018 -4.282941534366501 
-0.5684187526443937 0.39520258245013434 -0.032174082832167245
1.3317178183746798 -4.536243235459034 -1.1670792098480165 -3.7548349766781555 -3.39646126120505 -3.2703345158509944 0.75667209708956 -1.886137102033489 -0.2654934060237915 -3.6561962480510224 
0.45043296130680216 0.899517652638743 -0.8679176495633119
1.7849107962305442 -4.091193050157398 -0.7639655347043539 -3.331188926955177 -2.9800865387623086 -2.8431043301575882 1.1876743932048512 -1.4862445393940873 0.1568464743666066 -3.22080278939943 
1.3924440505484712 0.8345674332402697 -1.9139021179971292
2.3309421298464335 -3.5515154959411035 -0.2551313054688585 -2.8155405039451518 -2.4801409958225396 -2.340195923777907 1.721743224952186 -0.9796704973302807 0.6986493320067693 -2.718105139136215 
2.432550965314836 0.9726034281335235 -2.9039747285260296
2.8160783161708633 -3.0858157733623495 0.21864597417291812 -2.3564577754155582 -2.040724325597102 -1.8908870583419715 2.2017114262803545 -0.5194971861167264 1.22268541648474 -2.2879464810044983 
-3.171263355982571 0.9756525453228766 3.5921825574471202
2.402661816138694 -3.509695528055659 -0.1952143967564958 -2.7878958938477 -2.5020117865571567 -2.3250991761359083 1.7908561461356425 -0.9480636092493053 0.8607603756289492 -2.760428009580459 
2.4659122171009638 0.7570027386621481 -2.9177346079688973
2.870502615551261 -3.045152038860579 0.2679968610073615 -2.3422491270868555 -2.0633842422256694 -1.8858215804715426 2.2653618776288553 -0.4990644775468185 1.3681725923312964 -2.334767475543542 
-3.092214944076034 0.342593630988598 3.3801991991216807
2.5838335054369868 -3.334529788427794 -0.02210632346823202 -2.627168604501574 -2.3674132976244406 -2.180107723611071 1.977074259705124 -0.7859237126307144 1.0983250992896045 -2.6327577141473237 
2.838063756889163 0.032215829814716844 2.855440680285478
-3.1150855209124684 -9.031426280187656 -5.7144771888256685 -8.334415580102498 -8.074421218335015 -7.883381919619683 -3.7246134383203007 -6.491278771399703 -4.59978426208662 -8.331445769986155 
-2.906898555523099 0.5924846746806648 -2.8941547679290207
2.697496484116893 -3.2348199343312656 0.08835881149740717 -2.54041496558038 -2.289563547687248 -2.0922679037439913 2.08726064790034 -0.6952689817567698 1.2392257409667031 -2.5591709490146113 
-3.0155703678643597 0.8769315404939854 8.92444232207752
-3.2228791147208673 -9.155315359914987 -5.809025827309249 -8.468223001820975 -8.241014056573148 -8.019330631756587 -3.8230720887318044 -6.611826645428679 -4.618136755799355 -8.516591408950015 
-9.126846685986083 0.9162779071028712 9.191882577872837
-3.2792737155507674 -9.219288212673016 -5.858279905204614 -8.54610885857263 -8.339840759613312 -8.095284987439099 -3.8688894589018568 -6.677080118519853 -4.612832724735211 -8.617791838738711 
-9.26734371751605 0.9144175839802613 8.849591468317636
-2.8477864009811067 -8.799930796365025 -5.4353446613789815 -8.134538636870355 -7.940585794237845 -7.696832434088002 -3.4458403410522185 -6.2643748051837305 -4.13570746011286 -8.226983093202024 
-8.115158926142417 0.9209682932221289 7.510517962515143
-2.2638466884895534 -8.217064997669024 -4.812683173721279 -7.554646942256893 -7.376385072626436 -7.118384202801021 -2.842993454480989 -5.661099001314098 -3.4964277545932565 -7.672476502056686 
-7.306818104490346 0.1406324147966528 7.91979727820453
-2.874843534144174 -8.83218926218764 -5.418812181023854 -8.16312846069777 -7.991194729951119 -7.727793331075101 -3.4517388484916505 -6.273462609035956 -4.109290278795896 -8.291532229203028 
-8.100496546357318 0.9041120888898602 7.359420293760009
-2.1474410335575063 -8.117033764430978 -4.655363114839642 -7.445329851016256 -7.290966576770571 -7.007494251284534 -2.707252706522405 -5.522666913944641 -3.3261211040070946 -7.600163989306768 
-7.416355524526344 0.6697665981773043 7.617137115102142
-2.3565329193127393 -8.321799442383472 -4.840566083190379 -7.656200699403049 -7.517415203011266 -7.218985140269308 -2.913231272458608 -5.721334182451957 -3.5078698403041515 -7.830218787511697 
-7.631728522895225 0.7494494105762162 8.064762620406766
-2.7924740929495426 -8.766748798624796 -5.252583621353188 -8.102111662946415 -7.979954688642366 -7.665004488570326 -3.3403057271732886 -6.143802764915354 -3.9101032437699654 -8.294819999497031 
-8.669849627330132 0.6823290951769316 3.313757084957273
2.5689285374687714 -3.4088634821630803 0.11831333673229377 -2.752424829913442 -2.641453581041929 -2.3176225137746727 2.0230090335477247 -0.7915006599639849 1.4828736471778283 -2.962288813599044 
2.179438407133411 0.7496367358008383 -1.9685146973759282
2.3716490264022685 -3.6047273091754426 -0.09623467263198467 -2.963572212146786 -2.849253510967748 -2.5405859592066067 1.8207286651327736 -1.0155277507361673 1.3142822913715402 -3.1680461241142606 
2.0218224498953594 0.9362158501079266 -1.8993995352261184
2.2780023107139824 -3.715888563003884 -0.22170901577696644 -3.08505136661872 -2.9713795391884763 -2.663485511375842 1.7147490777726953 -1.1546930147065946 1.2424126350735665 -3.2787447202924658 
1.4512124984335242 0.7009602474662772 -1.503507435994804
2.335805434527284 -3.648254539365405 -0.1851000830901442 -3.0310080709026264 -2.9146257253021215 -2.6169997121443096 1.7813118814168363 -1.1202162677756236 1.3228798661348597 -3.205973357540975 
2.055583261330495 0.6834543517075742 -1.9173131681507585
2.2094537857862258 -3.7788904355091 -0.33250487335114903 -3.1681920439114037 -3.0649134473043476 -2.7637511604506853 1.6454058476616102 -1.2699458190346835 1.2177998760190756 -3.3436079213574916 
1.9252162360614742 0.7276019895553857 -2.6152820277605735
2.9143590381901543 -3.084299707658322 0.3579966430544476 -2.476991202291881 -2.3786714918578187 -2.0821429928090436 2.348650440640739 -0.594592543449026 1.9462320285561958 -2.6529086414826852 
2.936234926454137 0.9404856224410277 -2.728206411581256
2.7228054184614816 -3.286495306250933 0.162222095879624 -2.693076991341212 -2.5982188243159907 -2.295650522755957 2.1545110631101223 -0.8145446221340104 1.8064164094311528 -2.867114054654822 
2.4568741572577704 0.30699907050176006 -1.7399384206159738
2.007988628496765 -4.000496695802284 -0.55629670406861 -3.4098558284681397 -3.320263372311426 -3.019420821286676 1.4399547717872327 -1.5383900997422322 1.1039740904552917 -3.590876937501147 
1.0451446851896364 0.4510253428706446 -0.3092793944446256
1.2743190496005343 -4.735274359626487 -1.3068247115047837 -4.145665663952698 -4.060060156811956 -3.7573611964236298 0.7067035919378615 -2.2923183386837938 0.3883611290467493 -4.32284502630412 
-0.37597620296149614 0.13606780455514894 0.3902363036988379
1.2689583381672378 -4.742020486118042 -1.3240427906831576 -4.155904051154911 -4.060797872138116 -3.7710925696522897 0.6983176138864332 -2.301883338571919 0.37539280936743463 -4.319045804668166 
-0.14115891644631676 0.9736180106160025 0.13287910843369433
1.3011831923744615 -4.713072129720675 -1.3426818803840812 -4.136537670758 -4.035715251816067 -3.7468022049792533 0.7171622171356125 -2.3107673630436203 0.414144267134817 -4.28254005995802 
-0.3649109806042089 0.9654301287051653 0.9212043505898401
0.7598697866084085 -5.249798074457406 -1.9405036128114674 -4.675538232442063 -4.568453767548638 -4.293677963901343 0.16307183564288172 -2.8845138284160177 -0.127210373524271 -4.803967087702785 
-1.4368302764209264 0.9407112301605649 1.1995110145294334
1.016782355029771 -4.990362895650336 -1.7195063307139382 -4.422147501589328 -4.296868833158776 -4.031964519127479 0.40107804486339915 -2.6473092652188095 0.09594557805173001 -4.529968336686883 
-1.2301142219731767 0.7979125593298759 2.1118917616341863
0.14665696221594715 -5.8641216109876035 -2.623669101903928 -5.290929000986453 -5.145266854768674 -4.898295013347817 -0.47786837665107174 -3.526781429033767 -0.8026948353648168 -5.376288176791237 
-2.2256690538958392 0.8709802854360709 1.7832836770283194
0.6050631128558647 -5.395360727839373 -2.1999561103066303 -4.8246745979861085 -4.67396920516231 -4.438239468884824 -0.026874490001788504 -3.074852007405899 -0.3805121019327837 -4.897909770368416 
-2.052260786215786 0.8519817123474073 2.8817941193047263
-0.2181640996805903 -6.211730887688814 -3.042041374228021 -5.638885806234593 -5.482985249004582 -5.253079296015886 -0.8582240066353317 -3.90492858443956 -1.255472392611559 -5.697153063499192 
-3.5265916795243295 0.396139548355191 3.6576345924203753
-0.35367582150900867 -6.349962647516252 -3.1761466092449497 -5.7693360321821405 -5.596941209627004 -5.379359576992279 -0.9949071595100407 -4.025776841847864 -1.4153751994039638 -5.820646159695214 
-3.9926880067804995 0.3875617107665089 4.162541790858961
-0.5221350482806133 -6.520854324640911 -3.342849306539614 -5.9356765872883805 -5.7687517621419175 -5.539966185124375 -1.1707535488087895 -4.1870761700410855 -1.6197680940715096 -5.990446475898291 
-3.4930522243628372 0.8606717434695448 2.7562843117923874
0.2108138516433804 -5.787677828735775 -2.6187086596266043 -5.191900252559593 -5.012642298929298 -4.800914327737387 -0.4504219094670544 -3.4499333022474143 -0.9560019623772865 -5.229686900400336 
-2.831998812280789 0.04669878371500632 2.9584342300196944
0.0765842468590927 -5.911610127404862 -2.7487736646486005 -5.323237177444194 -5.141456877599585 -4.928156122623684 -0.5782081874590297 -3.5798865993598676 -1.0918232505754764 -5.361669848359977 
-2.2998107759918263 0.8698660171800449 1.6458419701765954
0.7344343616119046 -5.249327712901599 -2.11245967487161 -4.6613236641720235 -4.4536953774839905 -4.26029423613587 0.06850232469583636 -2.9330951369312177 -0.4830160869648853 -4.676200228660395 
-1.372926655025979 0.453080073001065 1.5281362034366115
0.5839361638716404 -5.402911584420088 -2.285524880483908 -4.809422327888073 -4.608284916751492 -4.414268280404136 -0.08727258546976223 -3.0919153133705084 -0.6599744041001769 -4.8148686761703 
-2.2080729411456588 0.3529869255773854 2.267535281280375
0.5250104278860409 -5.460538257595341 -2.352271383579209 -4.8631422800431645 -4.659546263915068 -4.469988267124599 -0.1533150579657677 -3.150403079797606 -0.7543115015977631 -4.8589790077 
-2.238031557086566 0.29962265682132727 2.7210290004538935
0.05021273253530516 -5.931207890585434 -2.838675844535508 -5.339610225597009 -5.124448231016908 -4.938262834183762 -0.6412062237252587 -3.6271246390004586 -1.2598411566266143 -5.327857044423914 
-2.783099521501575 0.5424126322653744 2.6586920541649763
0.18399380620022265 -5.79745148264922 -2.7178441605357917 -5.1975949580903595 -4.976339869413027 -4.802664284356066 -0.5089498972412578 -3.49244528826898 -1.1756335952173091 -5.176387060412652 
-3.1224592880447335 0.9080077392305417 3.882150144126803
-0.5884196351341924 -6.55544044234572 -3.467321374547149 -5.9516829136677485 -5.717926154298829 -5.543673697073292 -1.2859971232828302 -4.244276512122333 -2.0335769645278323 -5.916750754482763 
-3.843568727305179 0.681847926243228 3.3270474511106394
-0.07211876240913388 -6.04007252169529 -2.9557737664959323 -5.423665905111868 -5.177401305423286 -5.017978979390467 -0.7716792839055193 -3.710839793296089 -1.574682968884996 -5.373649240013858 
-2.7983299230883034 0.9328954128222713 2.9303220518782553
-0.19911313730032776 -6.156489503268878 -3.0942019972508255 -5.533837171237114 -5.284581368470365 -5.1308407081957546 -0.9062113818772837 -3.8367764708253294 -1.7982724438675768 -5.469196700596888 
-2.883028935959157 0.8746227402280585 2.8412778656793938
-0.14285279043920535 -6.100750643480726 -3.065192379274394 -5.483074964017788 -5.20771535452993 -5.071314150652814 -0.8714158425879543 -3.7926588281884626 -1.836432334286449 -5.388283144328786 
-3.6833409415532596 0.7333815545806666 3.947048842991116
-0.4337602792922281 -6.378164104020756 -3.330257414403308 -5.744263634674705 -5.460463870437289 -5.325797272175924 -1.1500802872538651 -4.05251440359676 -2.1701313374846736 -5.642453345594185 
-4.26492155132422 0.9845678247812479 4.72676530836475
-0.9191657368670462 -6.853886089275333 -3.7686281396673555 -6.200171132186226 -5.913080814611021 -5.780481438559525 -1.6289935565631488 -4.496564209052964 -2.6662247261521506 -6.092315693125746 
-4.277000356163454 0.5239741808693593 4.121552902553957
-0.7653121656988846 -6.7001607818253435 -3.6079270237780183 -6.039980697578669 -5.736769557553767 -5.612917666818993 -1.475285288206232 -4.325693797025611 -2.550497668147489 -5.912963768778882 
-3.9269814140207324 0.14623304468162945 3.186442273824243
-0.02768393977911814 -5.949870779552969 -2.871843491194681 -5.297359471005879 -4.990957847540192 -4.87265079452291 -0.7302497799135929 -3.58865896189832 -1.8175190639043708 -5.163813337751989 
-3.3742851360145427 0.2579952437879486 3.294931290344809
0.053590910461928605 -5.870622167926614 -2.7852811269579005 -5.2174653981844274 -4.906430816920002 -4.787910348595435 -0.6619718151737425 -3.5011637832222204 -1.7592371625413235 -5.081189477107332 
-2.6708335077587564 0.30194847761848886 2.7735385010475926
-0.03839885988391981 -5.9719865965883265 -2.8897475120301586 -5.308149898623964 -4.991209111496601 -4.877329029750194 -0.7624494558925476 -3.6008545766951903 -1.880387333783676 -5.164211653625806 
-3.108524000301791 0.6154541011186253 3.5322253905779295
-0.4745542321946322 -6.390869328562657 -3.313578569317732 -5.720758250799681 -5.392550225609567 -5.288959198147 -1.1880781968249652 -4.01765769003984 -2.347428352282349 -5.555658939701258 
-4.194896870617436 0.32684501463225457 4.974762547786483
-1.2564232801977286 -7.168334753737936 -4.090403685353231 -6.49892111402254 -6.166119425966249 -6.0628247178836 -1.973334720452917 -4.789526309525148 -3.135556821443665 -6.327293152688649 
-5.235966920523337 0.6199589313223566 4.9736799673603365
-1.0141698632728389 -6.92549207655421 -3.815810652353616 -6.242889557152307 -5.901784060266874 -5.800430752166271 -1.7230689442027927 -4.522586462080224 -2.88541106275795 -6.064928668063665 
