30.0 30.0 0.0
1002.6389571872568816 0.5251107009300718 -1.7640036119229803
-0.6854551707419742 -0.8658769748124386 0.2816975509534033 0.8507915073676003 
1.448275784348165 0.9604670100428798 -1.6811613941947452
-0.4615265774259942 -0.6479680042808974 0.5131688629903731 1.1084348406839086 
1.8455518703906388 0.48958075806668094 -1.5305706773022627
-0.7896025133896782 -0.9759377738836919 0.20166307449588727 0.7973783125512655 
1.0974071072228706 0.41703214328588545 -1.0698173830519104
-0.81990539086361 -1.0097462205967471 0.17077236426015655 0.7757566813131362 
1.0842040016193508 0.1754848032816527 -1.1915224915535463
-0.7148964000341974 -0.9046619063807583 0.27815728936866113 0.8888794126424198 
1.320323622597147 0.6785949928164281 -1.0104580636086256
-1.0286387347070027 -1.2267960955945407 -0.02551205141512643 0.5953908883392263 
0.5819415347875406 0.8187693047349164 -0.72299331055122
-0.9073831906092793 -1.1048375356585185 0.11078691103084208 0.7436748336316333 
1.4923734669592648 0.2912239104825391 -2.1761067126715097
-0.22622809722903622 -0.42999698883643006 0.7930966125062969 1.4330609408206658 
2.569219102866363 0.5669535031375736 3.2022802283189167
-6.000053887992251 -6.2049644041046434 -4.966846051795721 -4.319870247719553 
-3.301193188762975 0.8679277881007379 3.3261693323299304
-6.0293510310888445 -6.239538067616795 -4.988950715556761 -4.3185947279965555 
-3.3430245478781617 0.32841347505026697 3.2788126759674854
-5.968648117331654 -6.182596037631159 -4.925597881697872 -4.248465657516468 
-8.631875632936952 0.4261888119860416 8.141753504030014
-5.471993302929811 -5.683118804589894 -4.430821985750939 -3.751328115841487 
-8.495289890549913 0.211836731558364 8.57065197385142
-5.552320389852582 -5.7702926712672244 -4.506425879992968 -3.828637993161309 
-8.270786343595912 0.9089587083252667 8.775346609692647
-6.042526965142861 -6.258694301898734 -4.994876934694002 -4.307403103482315 
-3.3852803510346594 0.02721155302098353 -2.16984890984514
-0.4807700298694389 -0.698025469562381 0.5686910682991843 1.2527091377101922 
1.6211767172028848 0.6517322340999857 -1.272911560244254
-0.8443261846838371 -1.0589713999852752 0.22154240544345538 0.9181452650595455 
0.7539618048537283 0.6322945765402952 -0.29409153374878394
-1.3143733434388702 -1.531947542692903 -0.24148398538849533 0.4702435994790736 
0.683678501820366 0.3622166019952849 -0.7306931814957471
-1.2637136473257542 -1.4968055971686307 -0.19275414664130117 0.5264417096280443 
0.5398908917535962 0.9211028564328484 -1.0770390954663063
-0.7391140774714904 -0.9808443371887448 0.3506274158935851 1.091095173085944 
1.446982950961013 0.19807036146342505 -1.3988057477526672
-0.7914847361227323 -1.0300816061126286 0.297816734821719 1.0437169317333181 
1.6282936514376576 0.8404307189229918 -2.23904713971102
-0.19034249586553909 -0.43402122424878925 0.9206372704294501 1.6808822511589396 
2.1429506036624373 0.4373895941219398 -2.1018752551524633
-0.2278692035423827 -0.48717247427408994 0.8858594200663842 1.6550168265529972 
2.073802099124139 0.5254844542262674 -1.4826978811691547
-0.8324943097860757 -1.085162635533609 0.29275671617348864 1.079668451691568 
0.9526790031544446 0.07523622585923988 -0.1145303449752935
-1.672995735896362 -1.9248110641916698 -0.5421488379874041 0.2456413155135567 
-0.12813156225585473 0.7094840007979623 0.2741218759932744
-1.8346938134954407 -2.0967484333090196 -0.6977842811989846 0.10219429833772273 
-1.023359027058082 0.10579055289263432 1.0006552796970851
-1.8072449146564082 -2.076818243568067 -0.6807410640480887 0.12867883589951656 
-0.24988034009388413 0.5608475241028917 -0.06754705799346761
-1.4990248920937541 -1.768984041262897 -0.36069828486783195 0.45839314511106394 
-0.12678328370957495 0.5766206160029527 -0.2752432792469341
-1.1132563984197723 -1.3831242044482832 0.03341282068335141 0.8569183628731123 
0.5210089261750533 0.07491226083216783 -0.7925608013183267
-0.84339589551667 -1.1190357423171726 0.30310931246479217 1.1418749085456954 
0.819242385901708 0.8284243860314331 -0.5288937850776824
-1.1492585295320128 -1.4306621681051566 0.013036078191011758 0.8576605283602916 
1.0653555318504595 0.24928118733398924 -1.6403305415107503
-0.568180775962331 -0.8512917957255898 0.5990512641509655 1.4493850601169573 
2.3783074458406515 0.5422720621306919 2.9436718157680177
-5.885193255787575 -6.1784206552442065 -4.712914453968222 -3.8526314919105213 
-8.714354092500312 0.32053200442089186 2.7971830892803933
0.021281097914822644 -0.2726876249394293 1.1948781572855571 2.061806988463227 
-2.9391845953179687 0.7520104645796494 3.078299058679124
-0.11396533248796134 -0.4092681180576836 1.0693524209751903 1.940876566316796 
2.5981553343029384 0.3010811070393132 -2.0896449759032305
-0.6274494343177528 -0.9250805196638588 0.5665146209685953 1.4425420991238929 
1.8107950915370852 0.046932883092948845 -1.818726231095093
-0.6108520355168094 -0.9129112007991659 0.5701707403895011 1.4557346681518497 
2.0492540722074466 0.83439289032779 -2.0945140382759257
-0.5726116808875231 -0.8745729866157522 0.6342241110381589 1.5345743468742394 
2.305350427846506 0.5854816670617311 -2.464365146339081
-0.4168971074524434 -0.7229021977464375 0.8034261502070613 1.7141530543127352 
1.7449028372118598 0.20080577209222528 -1.0189810556654593
-1.1460177472487394 -1.4652504145563132 0.07237684502246328 0.9874179289036148 
0.3117968825769615 0.6275987333086225 0.4440537143400623
-1.9111866589028903 -2.2333509037855843 -0.6821570292521324 0.24521125257619517 
-0.4576574927258716 0.9954595994031024 0.21630849785796144
-1.6845264957389074 -2.013800746171672 -0.4461513563767478 0.505643885952321 
0.15504991222026474 0.6797738827765974 -0.8538507022175642
-1.0057397473016632 -1.330010013687843 0.25695373812808714 1.2283805556619654 
1.0447549891171735 0.9894749699039291 -0.49947724659494847
-1.5573720356438427 -1.9119575336678452 -0.2943008398004611 0.7116986861019163 
0.029193612655842176 0.5892526710714674 0.39149396961234567
-1.993534246811142 -2.3474045222218125 -0.7105336718195435 0.3033259566183312 
-0.5231740108916199 0.9441249338210347 0.5973925826620619
-2.091590427276947 -2.44756958042235 -0.8013612014665281 0.24620897867685804 
-0.5671449322850206 0.37884966868995373 -0.028559201349755262
-1.5027184395913205 -1.85640616169567 -0.2010951271040186 0.8538773307054893 
0.44742630954886387 0.8961802495969667 -0.8686208058760422
-1.0980346501113891 -1.4645083726161232 0.21869301061198626 1.3070187759967853 
1.3894479432119131 0.855598771725976 -1.9107877623537568
-0.5857815341895048 -0.9660346431814162 0.7465802178021045 1.8619706530521116 
2.4384509817199107 0.9591008455991289 -2.9061175456444572
-0.12414008053444295 -0.5137771835185545 1.2268339388248624 2.362688455037741 
-3.17193077385038 0.9576189468473677 3.5895595882847715
-0.5456903877013102 -0.9477377152364843 0.8241504271237019 1.9661616908186796 
2.4640811506964586 0.7646492023410781 -2.9248102276206693
-0.08711908766467334 -0.5009684509749847 1.3056243530043126 2.450958287906564 
-3.0929915894049134 0.322964380455361 3.3800128789226114
-0.38192886549733474 -0.7908542850084429 1.0157649580107362 2.1685875785780966 
2.8448669108596456 0.026555557464488934 2.8598529294808523
-6.082199854996535 -6.493209062581843 -4.679400611507669 -3.531945960176443 
-2.9045639276647326 0.6144198705241437 -2.8887554618579614
-0.28089601145682475 -0.7049662114049249 1.134190014433817 2.277762489009707 
-3.0168196011233404 0.8650275109430757 8.927685850953198
-6.1875468044289414 -6.618480625688641 -4.763293437706108 -3.6233184954733484 
-9.130128194042813 0.916780506182037 9.193820710354993
-6.242997125325931 -6.688958298638527 -4.804381120887647 -3.66544963279537 
-9.267279113608454 0.8884071568731878 8.848761660291922
-5.823526848093095 -6.280621511507344 -4.371184173005981 -3.224944841968022 
-8.108717113780093 0.8944532662648548 7.512964379199727
-5.215688398535408 -5.674687093757039 -3.7519213098261424 -2.6287444800425135 
-7.310270383998808 0.14332157767128775 7.914868742880387
-5.8239580569790625 -6.28152698288337 -4.356980254351348 -3.240935663238699 
-8.099210697910744 0.8647441517356635 7.361385481204391
-5.065974131803849 -5.525711073416858 -3.609689587799471 -2.5091084203479497 
-7.420383397070752 0.6484552212282595 7.617159696149223
-5.260889846339165 -5.732407165221024 -3.79127792984814 -2.711043151325185 
-7.6282257190988165 0.7500338657126141 8.060002966308621
-5.6746447475570285 -6.150612965280508 -4.21475299869364 -3.144901853310105 
-8.669777027216067 0.6765390289896548 3.3124072807084906
-0.3118679995040124 -0.8021494604102517 1.1656763187834192 2.229842321794973 
2.1828901521792394 0.7567576189473948 -1.9702188261760245
-0.5384113043272323 -1.0346065540938378 0.959484260275537 2.0335791322838555 
2.015486016347065 0.9209962521412486 -1.8960407861347683
-0.6670179617565358 -1.1912533955469244 0.8555545554190223 1.9462761452347597 
1.4520392315544224 0.7078052219911388 -1.4999506289032614
-0.6337436733474953 -1.1658130457213707 0.9090617527964117 2.0171468773466605 
2.056254742897071 0.6951619527167051 -1.9209473758774134
-0.7818373655825201 -1.3262139724764583 0.7765800449460514 1.893923608989562 
1.9284994777810094 0.7484554847939103 -2.615470932623598
-0.10369976077733693 -0.666799217401354 1.4822551588251252 2.5981340767358105 
2.9299104677744965 0.9443681272189861 -2.7349354766051595
-0.3091233817666897 -0.892779434139519 1.3042423789302613 2.4141312433759423 
2.4560888489536388 0.3200497468381746 -1.7362526104131442
-1.0294477793104297 -1.6283540281632038 0.5849612003395939 1.7087478559998643 
1.0453885470215274 0.45808566827802477 -0.3038503211227343
-1.781335375738882 -2.3805697365091563 -0.15299800901508862 0.9782087096640117 
-0.3733775423579031 0.11529005235717646 0.3830550719450012
-1.798485671342678 -2.3949606592408035 -0.16016557187554276 0.9717959111100801 
-0.138863968859033 0.9709639012627741 0.13183988601276386
-1.8150640886647103 -2.412580251170321 -0.15427986724946766 1.000620854808822 
-0.3605767090630624 0.9521287368747414 0.9236447552809686
-2.398266414618822 -2.9927316593466275 -0.7142342867948754 0.46794663609608167 
-1.441274842343697 0.9503798594202454 1.2048398380411867
-2.1624145891282707 -2.7514177515711538 -0.49387811548363764 0.715975904909653 
-1.2316158082748643 0.815472079278779 2.107219674427497
-3.0624942310295413 -3.636847027557185 -1.38581998156024 -0.16103491903410813 
-2.227804405442594 0.848229428626046 1.7787437494184366
-2.6210727585549973 -3.183811649836886 -0.9541186478718475 0.29153940402775474 
-2.0575093386110654 0.8361421687003708 2.882603707562588
-3.4533312532857865 -3.99892056700215 -1.7975097845238939 -0.5364164029393067 
-3.5221484951524156 0.3856937608632245 3.6546491580909097
-3.5788694615290884 -4.123180316500858 -1.938402892608844 -0.6702036627117294 
-3.9948081155062853 0.3952210638984543 4.163904203855867
-3.745235862390255 -4.276366182103311 -2.116059471476039 -0.8536269343307941 
-3.492002821918506 0.8625055064304659 2.7588162240084197
-3.0053985260266116 -3.5287845948243537 -1.4022831526190835 -0.13430133518545143 
-2.829721477883066 0.04107136671329484 2.9578491755316905
-3.140897248538911 -3.6570138370733782 -1.5341506477948945 -0.26721374763653616 
-2.2913886082526256 0.8994463307033712 1.6451158110312498
-2.4979989390897113 -3.009363572964554 -0.900878831755234 0.39461301472411403 
-1.3676551769456013 0.4589658310803862 1.5305848719754567
-2.6688288950641526 -3.176252645691394 -1.0666627364652566 0.23942754359663918 
-2.198858158867186 0.32710591787579846 2.260359162428058
-2.727052285045444 -3.2322992604936496 -1.134798669137562 0.18028592288338974 
-2.240313872621723 0.3210525512844726 2.7198754106340366
-3.2092749734077493 -3.7024708840593514 -1.6178268775799511 -0.29877617187940525 
-2.785155372093913 0.5299271513492491 2.6612583758463817
-3.078018426831968 -3.5753909946452205 -1.5052305930977632 -0.17685974206210786 
-3.1236038656152134 0.9023645147908371 3.884005035842896
-3.8315802935554117 -4.308696702572564 -2.279800332420908 -0.9580239862233598 
-3.8413287596677934 0.702385157930696 3.3197930194951244
-3.3055025794774053 -3.7722415886141736 -1.7755411866764468 -0.4549232524886604 
-2.8013578422251344 0.9117086381505871 2.9316857847680753
-3.4389780261324603 -3.893168935856839 -1.9268241979095309 -0.5885929065605499 
-2.8817246912906196 0.8749761653708846 2.843213437144996
-3.399964583110485 -3.8494858858409877 -1.9080729254562157 -0.5477255381202566 
-3.6759643161394617 0.7158067248387284 3.950473873430058
-3.663802745668567 -4.105486371566699 -2.18855114708663 -0.8450392990369007 
-4.26259372727974 0.9845964549815331 4.723728349595405
-4.10512701469914 -4.533329571362239 -2.661341977479647 -1.346524530414983 
-4.278752800567547 0.5248632213119142 4.118710932122569
-3.940204575931858 -4.358180713796412 -2.5116970691670173 -1.2061332234703162 
-3.9235066389447626 0.1416489958579568 3.1804123943340104
-3.1992053048345963 -3.61943465617926 -1.7657392143295065 -0.4671313947166769 
-3.373872182883643 0.24744380822542594 3.296157838608153
-3.1170076431306506 -3.53421308223151 -1.697348316161947 -0.39338089430649 
-2.672070752446212 0.3157221085490938 2.7690625521269836
-3.216363828546713 -3.6301749701944943 -1.8016418685781312 -0.49819948539531744 
-3.1089394959957257 0.6194937615254429 3.5304546717549945
-3.6391402553455374 -4.043238425051188 -2.2324716874612682 -0.9353330918118054 
-4.192246794787251 0.29806870423005966 4.97575693678679
-4.409769239720663 -4.8136389525047205 -3.0145149437720486 -1.7249043741985675 
-5.23525575530388 0.6154181436115592 4.974162518916914
-4.145114557324606 -4.538497936066912 -2.756911574023219 -1.4949293424446986 
